After 100 of trainsrepair_list:
[299, 299, 299, 299, 299, 299, 299, 299, 299, 299, 299, 299, 299, 299, 299, 299, 299, 299, 299, 299, 299, 299, 299, 299, 299, 299, 299, 299, 299, 299, 299, 299, 299, 299, 299, 299, 299, 299, 299, 299, 299, 299, 299, 299, 299, 299, 299, 299, 299, 299]
max_subplot_list:
[452, 452, 452, 452, 452, 452, 452, 452, 452, 452, 452, 452, 452, 452, 452, 452, 452, 452, 452, 452, 452, 452, 452, 452, 452, 452, 452, 452, 452, 452, 452, 452, 452, 452, 452, 452, 452, 452, 452, 452, 452, 452, 452, 452, 452, 452, 452, 452, 452, 452]
After 200 of trainsrepair_list:
[422, 422, 422, 422, 422, 422, 422, 422, 422, 422, 422, 422, 422, 422, 422, 422, 422, 422, 422, 422, 422, 422, 422, 422, 422, 422, 422, 422, 422, 422, 422, 422, 422, 422, 422, 422, 422, 422, 422, 422, 422, 422, 422, 422, 422, 422, 422, 422, 422, 422]
max_subplot_list:
[452, 452, 452, 452, 452, 452, 452, 452, 452, 452, 452, 452, 452, 452, 452, 452, 452, 452, 452, 452, 452, 452, 452, 452, 452, 452, 452, 452, 452, 452, 452, 452, 452, 452, 452, 452, 452, 452, 452, 452, 452, 452, 452, 452, 452, 452, 452, 452, 452, 452]
After 300 of trainsrepair_list:
[84, 202, 84, 80, 84, 80, 84, 80, 84, 80, 84, 80, 84, 80, 84, 80, 84, 80, 84, 80, 84, 80, 84, 80, 84, 80, 84, 80, 84, 80, 84, 80, 84, 80, 84, 80, 84, 80, 84, 80, 84, 80, 84, 80, 84, 80, 84, 80, 84, 80]
max_subplot_list:
[452, 452, 452, 452, 452, 452, 452, 452, 452, 452, 452, 452, 452, 452, 452, 452, 452, 452, 452, 452, 452, 452, 452, 452, 452, 452, 452, 452, 452, 452, 452, 452, 452, 452, 452, 452, 452, 452, 452, 452, 452, 452, 452, 452, 452, 452, 452, 452, 452, 452]
After 400 of trainsrepair_list:
[370, 370, 370, 370, 370, 370, 370, 370, 370, 370, 370, 370, 370, 370, 370, 370, 370, 370, 370, 370, 370, 370, 370, 370, 370, 370, 370, 370, 370, 370, 370, 370, 370, 370, 370, 370, 370, 370, 370, 370, 370, 370, 370, 370, 370, 370, 370, 370, 370, 370]
max_subplot_list:
[452, 452, 452, 452, 452, 452, 452, 452, 452, 452, 452, 452, 452, 452, 452, 452, 452, 452, 452, 452, 452, 452, 452, 452, 452, 452, 452, 452, 452, 452, 452, 452, 452, 452, 452, 452, 452, 452, 452, 452, 452, 452, 452, 452, 452, 452, 452, 452, 452, 452]
After 500 of trainsrepair_list:
[247, 247, 247, 247, 247, 247, 247, 247, 247, 247, 247, 247, 247, 247, 247, 247, 247, 247, 247, 247, 247, 247, 247, 247, 247, 247, 247, 247, 247, 247, 247, 247, 247, 247, 247, 247, 247, 247, 247, 247, 247, 247, 247, 247, 247, 247, 247, 247, 247, 247]
max_subplot_list:
[452, 452, 452, 452, 452, 452, 452, 452, 452, 452, 452, 452, 452, 452, 452, 452, 452, 452, 452, 452, 452, 452, 452, 452, 452, 452, 452, 452, 452, 452, 452, 452, 452, 452, 452, 452, 452, 452, 452, 452, 452, 452, 452, 452, 452, 452, 452, 452, 452, 452]
After 600 of trainsrepair_list:
[9, 91, 247, 249, 484, 312, 155, 202, 47, 298, 415, 378, 126, 311, 161, 116, 210, 84, 216, 80, 141, 102, 447, 148, 369, 264, 493, 163, 82, 257, 299, 370, 322, 123, 197, 475, 348, 250, 490, 467, 422, 272, 159, 122]
max_subplot_list:
[457, 458, 459, 460, 461, 462, 463, 464, 465, 466, 467, 468, 469, 470, 471, 472, 473, 474, 475, 476, 477, 478, 479, 480, 481, 482, 483, 484, 485, 486, 487, 488, 489, 490, 491, 492, 493, 494, 495, 496, 497, 498, 499, 500]
After 700 of trainsrepair_list:
[9, 91, 161, 249, 82, 210, 447, 415, 122, 264, 155, 197, 272, 312, 475, 490, 116, 159, 467, 348, 123, 216, 369, 80, 163, 422, 257, 102, 299, 126, 250, 202, 47, 370, 148, 298, 378, 322, 247, 141, 484, 493, 84, 311]
max_subplot_list:
[457, 458, 459, 460, 461, 462, 463, 464, 465, 466, 467, 468, 469, 470, 471, 472, 473, 474, 475, 476, 477, 478, 479, 480, 481, 482, 483, 484, 485, 486, 487, 488, 489, 490, 491, 492, 493, 494, 495, 496, 497, 498, 499, 500]
After 800 of trainsrepair_list:
[9, 91, 312, 148, 447, 490, 163, 369, 126, 202, 299, 161, 216, 247, 467, 102, 272, 82, 80, 123, 197, 84, 370, 257, 311, 378, 122, 116, 155, 493, 298, 210, 159, 141, 47, 348, 322, 475, 484, 249, 415, 264, 422, 250]
max_subplot_list:
[457, 458, 459, 460, 461, 462, 463, 464, 465, 466, 467, 468, 469, 470, 471, 472, 473, 474, 475, 476, 477, 478, 479, 480, 481, 482, 483, 484, 485, 486, 487, 488, 489, 490, 491, 492, 493, 494, 495, 496, 497, 498, 499, 500]
After 900 of trainsrepair_list:
[9, 91, 126, 84, 148, 312, 369, 490, 197, 116, 47, 272, 202, 311, 80, 467, 123, 249, 82, 247, 141, 155, 210, 378, 348, 447, 250, 484, 422, 415, 299, 264, 163, 475, 161, 322, 298, 257, 159, 102, 122, 493, 370, 216]
max_subplot_list:
[457, 458, 459, 460, 461, 462, 463, 464, 465, 466, 467, 468, 469, 470, 471, 472, 473, 474, 475, 476, 477, 478, 479, 480, 481, 482, 483, 484, 485, 486, 487, 488, 489, 490, 491, 492, 493, 494, 495, 496, 497, 498, 499, 500]
After 1000 of trainsrepair_list:
[9, 91, 141, 161, 422, 312, 148, 159, 264, 82, 322, 299, 272, 415, 369, 126, 484, 447, 102, 197, 370, 122, 116, 378, 467, 163, 216, 475, 249, 298, 123, 210, 250, 490, 202, 247, 493, 257, 47, 348, 311, 80, 155, 84]
max_subplot_list:
[457, 458, 459, 460, 461, 462, 463, 464, 465, 466, 467, 468, 469, 470, 471, 472, 473, 474, 475, 476, 477, 478, 479, 480, 481, 482, 483, 484, 485, 486, 487, 488, 489, 490, 491, 492, 493, 494, 495, 496, 497, 498, 499, 500]
