After 20 of trainsrepair_list:
[235, 298, 298, 199, 205, 6, 196, 86, 180, 116, 221, 199, 212, 166, 235, 127, 103, 154, 148, 286, 82, 160, 206, 122, 183, 298, 278, 299]max_subplot_list:
[274, 274, 274, 274, 275, 278, 279, 280, 281, 282, 283, 284, 285, 286, 287, 288, 289, 290, 291, 292, 293, 294, 295, 296, 297, 298, 299, 300]
After 40 of trainsrepair_list:
[205, 148, 286, 6, 154, 166, 183, 299, 206, 235, 298, 221, 278, 286, 103, 148, 160, 212, 127, 199, 116, 196, 82, 180, 122, 86]max_subplot_list:
[275, 275, 275, 278, 279, 280, 281, 282, 283, 284, 285, 286, 287, 288, 289, 290, 291, 292, 293, 294, 295, 296, 297, 298, 299, 300]
After 60 of trainsrepair_list:
[205, 6, 154, 166, 183, 82, 122, 286, 212, 298, 196, 206, 148, 86, 235, 103, 221, 116, 180, 199, 160, 278, 299, 127]max_subplot_list:
[275, 278, 279, 280, 281, 282, 283, 284, 285, 286, 287, 288, 289, 290, 291, 292, 293, 294, 295, 296, 297, 298, 299, 300]
After 80 of trainsrepair_list:
[205, 6, 154, 166, 183, 82, 199, 103, 278, 212, 160, 148, 221, 298, 86, 127, 299, 206, 196, 116, 286, 122, 235, 180]max_subplot_list:
[275, 278, 279, 280, 281, 282, 283, 284, 285, 286, 287, 288, 289, 290, 291, 292, 293, 294, 295, 296, 297, 298, 299, 300]
After 100 of trainsrepair_list:
[205, 6, 154, 166, 148, 116, 235, 122, 298, 180, 206, 286, 196, 127, 86, 82, 221, 212, 160, 299, 183, 103, 199, 278]max_subplot_list:
[275, 278, 279, 280, 281, 282, 283, 284, 285, 286, 287, 288, 289, 290, 291, 292, 293, 294, 295, 296, 297, 298, 299, 300]
After 120 of trainsrepair_list:
[205, 6, 154, 166, 183, 82, 148, 122, 127, 206, 235, 160, 116, 86, 212, 221, 278, 196, 199, 180, 299, 286, 298, 103]max_subplot_list:
[275, 278, 279, 280, 281, 282, 283, 284, 285, 286, 287, 288, 289, 290, 291, 292, 293, 294, 295, 296, 297, 298, 299, 300]
After 140 of trainsrepair_list:
[205, 6, 154, 166, 183, 82, 278, 180, 127, 116, 160, 298, 286, 86, 103, 122, 148, 299, 199, 235, 196, 221, 206, 212]max_subplot_list:
[275, 278, 279, 280, 281, 282, 283, 284, 285, 286, 287, 288, 289, 290, 291, 292, 293, 294, 295, 296, 297, 298, 299, 300]
After 160 of trainsrepair_list:
[205, 6, 127, 183, 103, 82, 206, 299, 180, 212, 221, 278, 235, 122, 86, 148, 286, 160, 298, 196, 199, 116, 154, 166]max_subplot_list:
[275, 278, 279, 280, 281, 282, 283, 284, 285, 286, 287, 288, 289, 290, 291, 292, 293, 294, 295, 296, 297, 298, 299, 300]
After 180 of trainsrepair_list:
[221, 235, 206, 205, 6, 154, 166, 286, 221, 160, 299, 206, 180, 199, 86, 148, 212, 235, 196, 127, 82, 103, 298, 183, 116, 278, 122]max_subplot_list:
[274, 274, 274, 275, 278, 279, 280, 281, 282, 283, 284, 285, 286, 287, 288, 289, 290, 291, 292, 293, 294, 295, 296, 297, 298, 299, 300]
After 200 of trainsrepair_list:
[166, 205, 6, 154, 166, 199, 212, 183, 180, 286, 206, 148, 299, 196, 127, 86, 103, 122, 235, 160, 221, 82, 278, 116, 298]max_subplot_list:
[274, 275, 278, 279, 280, 281, 282, 283, 284, 285, 286, 287, 288, 289, 290, 291, 292, 293, 294, 295, 296, 297, 298, 299, 300]
After 220 of trainsrepair_list:
[205, 148, 154, 6, 154, 166, 183, 180, 286, 299, 221, 298, 278, 160, 206, 122, 103, 148, 235, 212, 86, 199, 82, 196, 116, 127]max_subplot_list:
[275, 275, 275, 278, 279, 280, 281, 282, 283, 284, 285, 286, 287, 288, 289, 290, 291, 292, 293, 294, 295, 296, 297, 298, 299, 300]
After 240 of trainsrepair_list:
[205, 6, 154, 298, 116, 127, 206, 82, 122, 286, 235, 199, 183, 196, 166, 212, 160, 86, 299, 148, 278, 221, 103, 180]max_subplot_list:
[275, 278, 279, 280, 281, 282, 283, 284, 285, 286, 287, 288, 289, 290, 291, 292, 293, 294, 295, 296, 297, 298, 299, 300]
After 260 of trainsrepair_list:
[86, 122, 86, 298, 166, 82, 205, 6, 196, 154, 235, 103, 206, 160, 212, 82, 122, 199, 127, 286, 180, 278, 221, 116, 299, 298, 86, 166, 148, 183]max_subplot_list:
[274, 274, 274, 274, 274, 274, 275, 278, 279, 280, 281, 282, 283, 284, 285, 286, 287, 288, 289, 290, 291, 292, 293, 294, 295, 296, 297, 298, 299, 300]
After 280 of trainsrepair_list:
[205, 6, 154, 166, 183, 82, 278, 103, 86, 299, 206, 199, 221, 127, 116, 148, 298, 180, 122, 196, 286, 235, 160, 212]max_subplot_list:
[275, 278, 279, 280, 281, 282, 283, 284, 285, 286, 287, 288, 289, 290, 291, 292, 293, 294, 295, 296, 297, 298, 299, 300]
After 300 of trainsrepair_list:
[205, 6, 154, 221, 183, 122, 199, 196, 212, 299, 86, 82, 286, 103, 160, 116, 166, 235, 278, 148, 127, 298, 180, 206]max_subplot_list:
[275, 278, 279, 280, 281, 282, 283, 284, 285, 286, 287, 288, 289, 290, 291, 292, 293, 294, 295, 296, 297, 298, 299, 300]
After 320 of trainsrepair_list:
[148, 199, 212, 199, 205, 6, 154, 221, 183, 82, 122, 196, 199, 86, 212, 298, 299, 103, 206, 127, 180, 278, 286, 148, 160, 235, 116, 166]max_subplot_list:
[274, 274, 274, 274, 275, 278, 279, 280, 281, 282, 283, 284, 285, 286, 287, 288, 289, 290, 291, 292, 293, 294, 295, 296, 297, 298, 299, 300]
After 340 of trainsrepair_list:
[205, 6, 154, 221, 278, 82, 122, 148, 127, 86, 235, 160, 206, 196, 183, 286, 212, 116, 298, 103, 299, 199, 180, 166]max_subplot_list:
[275, 278, 279, 280, 281, 282, 283, 284, 285, 286, 287, 288, 289, 290, 291, 292, 293, 294, 295, 296, 297, 298, 299, 300]
After 360 of trainsrepair_list:
[205, 6, 212, 166, 103, 160, 196, 235, 221, 122, 116, 86, 199, 183, 278, 148, 82, 154, 127, 298, 180, 206, 286, 299]max_subplot_list:
[275, 278, 279, 280, 281, 282, 283, 284, 285, 286, 287, 288, 289, 290, 291, 292, 293, 294, 295, 296, 297, 298, 299, 300]
After 380 of trainsrepair_list:
[205, 6, 154, 127, 82, 278, 180, 206, 221, 86, 196, 286, 199, 235, 122, 298, 116, 299, 148, 183, 160, 166, 103, 212]max_subplot_list:
[275, 278, 279, 280, 281, 282, 283, 284, 285, 286, 287, 288, 289, 290, 291, 292, 293, 294, 295, 296, 297, 298, 299, 300]
After 400 of trainsrepair_list:
[148, 154, 205, 116, 180, 196, 82, 6, 180, 154, 298, 122, 235, 160, 86, 221, 299, 286, 196, 166, 212, 148, 183, 127, 103, 116, 278, 82, 206, 199]max_subplot_list:
[274, 274, 275, 275, 275, 275, 275, 278, 279, 280, 281, 282, 283, 284, 285, 286, 287, 288, 289, 290, 291, 292, 293, 294, 295, 296, 297, 298, 299, 300]
After 420 of trainsrepair_list:
[205, 6, 86, 235, 160, 154, 148, 278, 166, 127, 212, 116, 183, 286, 103, 82, 199, 206, 221, 299, 196, 298, 180, 122]max_subplot_list:
[275, 278, 279, 280, 281, 282, 283, 284, 285, 286, 287, 288, 289, 290, 291, 292, 293, 294, 295, 296, 297, 298, 299, 300]
After 460 of trainsrepair_list:
[183, 205, 6, 154, 166, 221, 183, 103, 206, 235, 299, 160, 212, 286, 86, 82, 196, 116, 127, 148, 199, 180, 122, 278, 298]max_subplot_list:
[274, 275, 278, 279, 280, 281, 282, 283, 284, 285, 286, 287, 288, 289, 290, 291, 292, 293, 294, 295, 296, 297, 298, 299, 300]
After 480 of trainsrepair_list:
[205, 6, 154, 166, 221, 183, 103, 82, 122, 148, 199, 286, 298, 196, 235, 116, 299, 86, 127, 160, 278, 206, 212, 180]max_subplot_list:
[275, 278, 279, 280, 281, 282, 283, 284, 285, 286, 287, 288, 289, 290, 291, 292, 293, 294, 295, 296, 297, 298, 299, 300]
After 500 of trainsrepair_list:
[196, 127, 196, 154, 196, 154, 196, 154, 196, 212, 154, 196, 154, 196, 154, 196, 286, 196, 154, 196, 180, 299, 299, 196, 154, 196, 154, 196, 154, 166, 196, 154, 196, 154, 196, 154, 196, 127, 196, 154, 127, 196, 148, 103, 196, 154, 148, 299, 196, 154]max_subplot_list:
[274, 274, 274, 274, 274, 274, 274, 274, 274, 274, 274, 274, 274, 274, 274, 274, 274, 274, 274, 274, 274, 274, 274, 274, 274, 274, 274, 274, 274, 274, 274, 274, 274, 274, 274, 274, 274, 274, 274, 274, 274, 274, 274, 274, 274, 274, 274, 274, 274, 274]
After 520 of trainsrepair_list:
[196, 148, 154, 196, 154, 212, 154, 196, 154, 183, 183, 154, 196, 154, 196, 154, 196, 154, 196, 154, 196, 154, 196, 154, 196, 154, 196, 154, 199, 196, 154, 196, 154, 196, 154, 196, 154, 196, 154, 196, 154, 196, 154, 196, 286, 196, 154, 196, 154, 212]max_subplot_list:
[274, 274, 274, 274, 274, 274, 274, 274, 274, 274, 274, 274, 274, 274, 274, 274, 274, 274, 274, 274, 274, 274, 274, 274, 274, 274, 274, 274, 274, 274, 274, 274, 274, 274, 274, 274, 274, 274, 274, 274, 274, 274, 274, 274, 274, 274, 274, 274, 274, 274]
After 540 of trainsrepair_list:
[82, 122, 154, 82, 82, 82, 166, 82, 82, 82, 82, 82, 82, 82, 82, 103, 82, 82, 82, 82, 154, 82, 82, 82, 82, 82, 82, 82, 82, 82, 278, 82, 82, 180, 154, 82, 82, 278, 82, 166, 82, 82, 82, 82, 82, 82, 82, 183, 154, 166]max_subplot_list:
[274, 274, 274, 274, 274, 274, 274, 274, 274, 274, 274, 274, 274, 274, 274, 274, 274, 274, 274, 274, 274, 274, 274, 274, 274, 274, 274, 274, 274, 274, 274, 274, 274, 274, 274, 274, 274, 274, 274, 274, 274, 274, 274, 274, 274, 274, 274, 274, 274, 274]
After 560 of trainsrepair_list:
[82, 82, 82, 82, 82, 82, 82, 82, 82, 82, 82, 82, 196, 154, 299, 82, 82, 82, 82, 82, 82, 82, 82, 82, 82, 82, 82, 82, 82, 82, 82, 205, 122, 299, 154, 180, 206, 196, 6, 148, 160, 183, 166, 86, 122, 206, 82, 196, 278, 212]max_subplot_list:
[274, 274, 274, 274, 274, 274, 274, 274, 274, 274, 274, 274, 274, 274, 274, 274, 274, 274, 274, 274, 274, 274, 274, 274, 274, 274, 274, 274, 274, 274, 274, 275, 276, 276, 275, 275, 275, 275, 278, 279, 280, 281, 282, 283, 284, 285, 286, 287, 288, 289]
After 580 of trainsrepair_list:
[154, 180, 154, 6, 212, 127, 278, 160, 286, 206, 299, 298, 196, 221, 148, 122, 154, 86, 166, 180, 235, 103, 82, 205, 183, 116, 199]max_subplot_list:
[274, 274, 274, 277, 278, 279, 280, 281, 282, 283, 284, 285, 286, 287, 288, 289, 290, 291, 292, 293, 294, 295, 296, 297, 298, 299, 300]
After 600 of trainsrepair_list:
[183, 154, 183, 154, 183, 154, 183, 154, 183, 212, 154, 183, 154, 127, 298, 154, 82, 183, 154, 183, 154, 183, 154, 183, 154, 183, 154, 183, 154, 183, 154, 183, 154, 180, 154, 183, 154, 183, 154, 183, 154, 183, 154, 183, 154, 180, 154, 183, 154, 183]max_subplot_list:
[274, 274, 274, 274, 274, 274, 274, 274, 274, 274, 274, 274, 274, 274, 274, 274, 274, 274, 274, 274, 274, 274, 274, 274, 274, 274, 274, 274, 274, 274, 274, 274, 274, 274, 274, 274, 274, 274, 274, 274, 274, 274, 274, 274, 274, 274, 274, 274, 274, 274]
After 620 of trainsrepair_list:
[6, 122, 212, 154, 183, 148, 298, 286, 180, 82, 166, 160, 299, 235, 196, 199, 278, 103, 205, 206, 127, 86, 116, 221]max_subplot_list:
[277, 278, 279, 280, 281, 282, 283, 284, 285, 286, 287, 288, 289, 290, 291, 292, 293, 294, 295, 296, 297, 298, 299, 300]
After 640 of trainsrepair_list:
[6, 205, 196, 154, 183, 82, 199, 166, 180, 286, 299, 235, 86, 278, 148, 103, 212, 127, 206, 221, 122, 160, 298, 116]max_subplot_list:
[277, 278, 279, 280, 281, 282, 283, 284, 285, 286, 287, 288, 289, 290, 291, 292, 293, 294, 295, 296, 297, 298, 299, 300]
After 660 of trainsrepair_list:
[6, 148, 299, 82, 183, 116, 154, 298, 180, 212, 235, 122, 205, 206, 196, 278, 103, 86, 221, 160, 166, 286, 199, 127]max_subplot_list:
[277, 278, 279, 280, 281, 282, 283, 284, 285, 286, 287, 288, 289, 290, 291, 292, 293, 294, 295, 296, 297, 298, 299, 300]
After 700 of trainsrepair_list:
[6, 183, 154, 205, 103, 278, 206, 196, 127, 122, 166, 235, 160, 86, 180, 299, 212, 298, 148, 199, 82, 116, 221, 286]max_subplot_list:
[277, 278, 279, 280, 281, 282, 283, 284, 285, 286, 287, 288, 289, 290, 291, 292, 293, 294, 295, 296, 297, 298, 299, 300]
After 720 of trainsrepair_list:
[86, 154, 103, 6, 183, 154, 221, 122, 299, 127, 196, 286, 82, 212, 86, 148, 160, 205, 116, 166, 278, 235, 199, 180, 103, 206, 298]max_subplot_list:
[274, 274, 274, 277, 278, 279, 280, 281, 282, 283, 284, 285, 286, 287, 288, 289, 290, 291, 292, 293, 294, 295, 296, 297, 298, 299, 300]
After 740 of trainsrepair_list:
[6, 183, 154, 205, 103, 82, 148, 116, 122, 160, 278, 199, 235, 299, 196, 286, 206, 180, 212, 298, 127, 221, 166, 86]max_subplot_list:
[277, 278, 279, 280, 281, 282, 283, 284, 285, 286, 287, 288, 289, 290, 291, 292, 293, 294, 295, 296, 297, 298, 299, 300]
After 760 of trainsrepair_list:
[154, 6, 183, 154, 212, 180, 221, 86, 235, 166, 205, 122, 82, 298, 206, 278, 199, 286, 103, 127, 116, 299, 160, 148, 196]max_subplot_list:
[274, 277, 278, 279, 280, 281, 282, 283, 284, 285, 286, 287, 288, 289, 290, 291, 292, 293, 294, 295, 296, 297, 298, 299, 300]
After 780 of trainsrepair_list:
[6, 183, 154, 205, 148, 103, 116, 286, 86, 206, 82, 127, 212, 199, 166, 122, 221, 278, 180, 196, 299, 160, 298, 235]max_subplot_list:
[277, 278, 279, 280, 281, 282, 283, 284, 285, 286, 287, 288, 289, 290, 291, 292, 293, 294, 295, 296, 297, 298, 299, 300]
After 820 of trainsrepair_list:
[6, 183, 154, 205, 298, 127, 103, 278, 116, 286, 180, 122, 196, 221, 199, 148, 160, 206, 212, 299, 235, 166, 82, 86]max_subplot_list:
[277, 278, 279, 280, 281, 282, 283, 284, 285, 286, 287, 288, 289, 290, 291, 292, 293, 294, 295, 296, 297, 298, 299, 300]
After 840 of trainsrepair_list:
[180, 154, 6, 183, 154, 205, 103, 82, 286, 221, 299, 180, 206, 86, 196, 160, 122, 235, 127, 166, 298, 148, 116, 199, 278, 212]max_subplot_list:
[274, 274, 277, 278, 279, 280, 281, 282, 283, 284, 285, 286, 287, 288, 289, 290, 291, 292, 293, 294, 295, 296, 297, 298, 299, 300]
After 860 of trainsrepair_list:
[6, 183, 154, 205, 103, 82, 166, 122, 199, 278, 148, 206, 298, 127, 160, 212, 116, 235, 86, 180, 221, 196, 299, 286]max_subplot_list:
[277, 278, 279, 280, 281, 282, 283, 284, 285, 286, 287, 288, 289, 290, 291, 292, 293, 294, 295, 296, 297, 298, 299, 300]
After 880 of trainsrepair_list:
[6, 183, 154, 205, 206, 103, 127, 148, 235, 116, 180, 212, 196, 299, 166, 160, 298, 221, 82, 86, 122, 286, 199, 278]max_subplot_list:
[277, 278, 279, 280, 281, 282, 283, 284, 285, 286, 287, 288, 289, 290, 291, 292, 293, 294, 295, 296, 297, 298, 299, 300]
After 900 of trainsrepair_list:
[6, 278, 286, 299, 212, 183, 122, 160, 196, 205, 235, 298, 148, 86, 221, 206, 199, 154, 116, 82, 127, 103, 180, 166]max_subplot_list:
[277, 278, 279, 280, 281, 282, 283, 284, 285, 286, 287, 288, 289, 290, 291, 292, 293, 294, 295, 296, 297, 298, 299, 300]
After 920 of trainsrepair_list:
[6, 183, 154, 205, 103, 82, 298, 221, 122, 166, 196, 180, 206, 127, 199, 235, 148, 278, 299, 116, 86, 212, 286, 160]max_subplot_list:
[277, 278, 279, 280, 281, 282, 283, 284, 285, 286, 287, 288, 289, 290, 291, 292, 293, 294, 295, 296, 297, 298, 299, 300]
After 940 of trainsrepair_list:
[6, 183, 154, 205, 235, 299, 221, 148, 180, 278, 122, 160, 127, 199, 212, 82, 196, 86, 298, 206, 103, 166, 116, 286]max_subplot_list:
[277, 278, 279, 280, 281, 282, 283, 284, 285, 286, 287, 288, 289, 290, 291, 292, 293, 294, 295, 296, 297, 298, 299, 300]
After 960 of trainsrepair_list:
[116, 154, 221, 154, 6, 183, 235, 154, 82, 103, 278, 286, 122, 299, 148, 127, 206, 166, 116, 212, 205, 180, 160, 221, 199, 298, 196, 86]max_subplot_list:
[274, 274, 274, 274, 277, 278, 279, 280, 281, 282, 283, 284, 285, 286, 287, 288, 289, 290, 291, 292, 293, 294, 295, 296, 297, 298, 299, 300]
After 980 of trainsrepair_list:
[6, 183, 154, 205, 103, 82, 298, 199, 278, 206, 116, 299, 148, 86, 160, 166, 235, 122, 212, 127, 286, 221, 180, 196]max_subplot_list:
[277, 278, 279, 280, 281, 282, 283, 284, 285, 286, 287, 288, 289, 290, 291, 292, 293, 294, 295, 296, 297, 298, 299, 300]
After 1000 of trainsrepair_list:
[86, 154, 6, 235, 154, 183, 82, 103, 199, 212, 286, 122, 86, 196, 205, 221, 166, 116, 148, 160, 180, 206, 127, 278, 298, 299]max_subplot_list:
[274, 274, 277, 278, 279, 280, 281, 282, 283, 284, 285, 286, 287, 288, 289, 290, 291, 292, 293, 294, 295, 296, 297, 298, 299, 300]
After 1020 of trainsrepair_list:
[148, 166, 6, 183, 154, 196, 298, 180, 205, 116, 235, 148, 127, 166, 122, 103, 199, 212, 82, 160, 299, 221, 206, 278, 286, 86]max_subplot_list:
[274, 274, 277, 278, 279, 280, 281, 282, 283, 284, 285, 286, 287, 288, 289, 290, 291, 292, 293, 294, 295, 296, 297, 298, 299, 300]
After 1040 of trainsrepair_list:
[6, 183, 286, 82, 196, 154, 160, 221, 103, 298, 166, 205, 127, 212, 235, 278, 122, 180, 148, 199, 116, 299, 86, 206]max_subplot_list:
[277, 278, 279, 280, 281, 282, 283, 284, 285, 286, 287, 288, 289, 290, 291, 292, 293, 294, 295, 296, 297, 298, 299, 300]
After 1060 of trainsrepair_list:
[6, 183, 154, 205, 103, 82, 298, 199, 299, 166, 116, 221, 286, 212, 206, 235, 122, 160, 196, 278, 180, 127, 148, 86]max_subplot_list:
[277, 278, 279, 280, 281, 282, 283, 284, 285, 286, 287, 288, 289, 290, 291, 292, 293, 294, 295, 296, 297, 298, 299, 300]
After 1080 of trainsrepair_list:
[6, 86, 154, 183, 82, 199, 298, 180, 299, 205, 116, 166, 103, 122, 286, 212, 278, 148, 196, 235, 206, 221, 127, 160]max_subplot_list:
[277, 278, 279, 280, 281, 282, 283, 284, 285, 286, 287, 288, 289, 290, 291, 292, 293, 294, 295, 296, 297, 298, 299, 300]
